Camera Matrix:
[571.05, 0, 346.12;
 0, 572.02, 247.16;
 0, 0, 1]

 Distortion Coeffs:
 -0.4435755056, 0.335254035289252, 0.0002605483032105911, 0.001042419159982218, -0.2248450637613325


 ---

 Beginning calibration.
 Camera Matrix: [566.4167082345883, 0, 357.9683906379167;
  0, 566.6002002196462, 249.7319759889733;
   0, 0, 1]
   Distortion Coefficients: [-0.4413234628774113, 0.3052829672853022, -0.002733327158507091, -0.001003433917362929, -0.1571413075868546]

---

Camera Matrix: [572.2735067005844, 0, 364.0293462883729;
 0, 572.4393160830574, 238.5346152778065;
  0, 0, 1]
  Distortion Coefficients: [-0.4355712421972682, 0.2728426032087992, 0.0008474750721231985, -0.001124392110495241, -0.123606584194615]
